 0.529177249    -0.201395499811110E+02 
 0.635012699    -0.269072705071368E+02 
 0.740848149    -0.300133861824834E+02 
 0.846683598    -0.312645111454851E+02 
 0.952519048    -0.315155167611343E+02 
 1.058354498    -0.312097828527747E+02 
 1.270025398     0.568378077029536E+01 
 1.481696297     0.347716485949593E+01 
 1.693367197     0.159870919183270E+02 
 1.905038096     0.163051832678812E+02 
1.693367197      0.159870919183270E+02      0.507302916618850E+00      0.105506871710418E+01    -0.881535514298909E+01    -0.110581870727068E+02
