0.529177249     -0.103136575708709E+02     -0.103136575708708E+02     -0.105528817267735E+02    -0.105528823264639E+02    -0.105531704599698E+02
0.635012699     -0.135690826120146E+02     -0.135690826120911E+02     -0.138419129135656E+02    -0.138419128714536E+02    -0.138424371854709E+02
0.740848149     -0.150626173099345E+02     -0.150626173098806E+02     -0.153752603969327E+02    -0.153752602605212E+02    -0.153759536537652E+02
0.846683598     -0.156578355255860E+02     -0.156578355255810E+02     -0.160146262912505E+02    -0.160146263022426E+02    -0.160154868235623E+02
0.952519048     -0.157669776172521E+02     -0.157669776172512E+02     -0.161738182811863E+02    -0.161738149846763E+02    -0.161746484707227E+02
1.058354498     -0.156050709016168E+02     -0.156050709015681E+02     -0.160663317513335E+02    -0.160663227376813E+02    -0.160673061007030E+02
1.270025398     -0.148955717860144E+02     -0.148955717860329E+02     -0.154193878547875E+02    -0.154193878321313E+02    -0.154196168858152E+02
1.481696297      0.104915394675728E+01     -0.138833056280763E+02     -0.117119557236315E+02    -0.146816482425488E+02    -0.146830237592646E+02
1.693367197     -0.1313152052695366E+02    -0.131315205269683E+02     -0.139153014778050E+02    -0.139150430010544E+02    -0.139151284953622E+02
1.905038096      0.269401871750444E+01     -0.123395983180470E+02     -0.712477846914822E+01    -0.133144086347846E+02    -0.133180436894485E+02

