#Distance (B)		#Hartree Fock		#CIPSI			#DMC	#Error_Bar
0.529177249       -0.375174087299116E+01     -0.382415153502150E+01   -4.28528   0.00086
0.635012699       -0.467805557324036E+01     -0.476620834591872E+01   -5.08398   0.00032
0.740848149       -0.509861964397731E+01     -0.520499671141416E+01   -5.45491   0.00026
0.846683598       -0.525628162868461E+01     -0.538423903793568E+01   -5.60939   0.00028
0.952519048       -0.527014284080163E+01     -0.542417624575340E+01   -5.64964   0.00023
1.058354498       -0.520347005783488E+01     -0.538925944497883E+01   -5.62962   0.00035
1.270025398       -0.495605626726165E+01     -0.522736267752014E+01   -5.51057   0.00063  
1.481696297       -0.465842776131686E+01     -0.504924557953434E+01   -5.36970   0.00077   
1.693367197       -0.436679344305028E+01     -0.490956085392705E+01   -5.24682   0.00022
1.905038096       -0.410493182531904E+01     -0.481798760965611E+01   -5.15230   0.00048
2.500000000	  -0.357661652418831E+01     -0.471896001159826E+01 
3.000000000	  -0.333340100310126E+01     -0.470458436861621E+01	
