0.529177249     -0.375174087298579E+01     -0.375174087299116E+01     -0.382418230470297E+01    -0.382418230453112E+01    -0.382415153502150E+01
0.635012699     -0.467805557330766E+01     -0.467805557324036E+01     -0.476624055113759E+01    -0.476624055162654E+01    -0.476620834591872E+01
0.740848149     -0.509861964401002E+01     -0.509861964397731E+01     -0.520500650371761E+01    -0.520500650392752E+01    -0.520499671141416E+01
0.846683598     -0.525628162869500E+01     -0.525628162868461E+01     -0.538424308994680E+01    -0.538424309003091E+01    -0.538423903793568E+01
0.952519048     -0.527014284079499E+01     -0.527014284080163E+01     -0.542418835552192E+01    -0.542418736203044E+01    -0.542417624575340E+01
1.058354498     -0.520347005787551E+01     -0.520347005783488E+01     -0.538927915710115E+01    -0.538928046385938E+01    -0.538925944497883E+01
1.270025398     -0.495605626727910E+01     -0.495605626726165E+01     -0.522746015660986E+01    -0.522746015663578E+01    -0.522736267752014E+01
1.481696297     -0.465842776137473E+01     -0.465842776131686E+01     -0.504929610909489E+01    -0.504946435425001E+01    -0.504924557953434E+01
1.693367197     -0.436679344301880E+01     -0.436679344305028E+01     -0.490960841257266E+01    -0.490972425603399E+01    -0.490956085392705E+01
1.905038096     -0.410493182531106E+01     -0.410493182531904E+01     -0.481816670455558E+01    -0.481814678335234E+01    -0.481798760965611E+01
2.5     -0.357661652418831E+01        -0.471716048650439E+01    -0.471900895445563E+01    -0.471896001159826E+01
3.0     -0.333340100310126E+01        -0.471248018755040E+01    -0.471170830178598E+01    -0.471171120636248E+01
